SeqNo	Latitude	Longitude	Altitude	Sats	Speed	Heading	SNR	Zeitstempel
0	46.9484408	8.0119865	709	10	11	0	0.0	26.9.2026 10:51
0	46.950015	8.0133941	713	10	9	0	0.0	26.9.2026 10:52
0	46.9491961	8.0130906	720	12	3	0	0.0	26.9.2026 10:58
0	46.950361	8.015209	727	12	0	0	0.0	26.9.2026 11:03
0	46.9508246	8.0160491	730	17	4	0	0.0	26.9.2026 11:10
0	46.9501086	8.0157718	719	16	0	0	0.0	26.9.2026 11:31
0	46.9496408	8.0149568	744	17	0	0	0.0	26.9.2026 11:38
0	46.9497491	8.0149863	739	0	0	0	0.0	26.9.2026 11:45
0	46.9496505	8.0149613	732	0	0	0	0.0	26.9.2026 11:46
0	46.9496441	8.0149516	722	0	0	0	0.0	26.9.2026 11:47
0	46.9496428	8.0149485	723	0	0	0	0.0	26.9.2026 11:48
0	46.949648	8.0149653	725	0	0	0	0.0	26.9.2026 11:49
0	46.9496696	8.0149418	731	0	0	0	0.0	26.9.2026 11:50
0	46.9496326	8.0149321	725	0	0	0	0.0	26.9.2026 11:51
0	46.949686	8.0149771	722	0	0	0	0.0	26.9.2026 11:52
0	46.9495805	8.014918	726	0	0	0	0.0	26.9.2026 11:56
0	46.9498188	8.014999	729	0	0	0	0.0	26.9.2026 11:56
0	46.9496441	8.0149371	716	0	0	0	0.0	26.9.2026 11:57
0	46.9503113	8.0158698	727	18	3	0	0.0	26.9.2026 12:12
0	46.951362	8.0172715	740	16	0	0	0.0	26.9.2026 12:16
0	46.9522741	8.0176643	728	16	0	0	0.0	26.9.2026 12:21
0	46.9529483	8.0182666	726	13	0	0	0.0	26.9.2026 12:47
0	46.9535398	8.0174291	708	13	4	0	0.0	26.9.2026 12:54
0	46.9519186	8.015048	718	13	5	0	0.0	26.9.2026 12:58
0	46.9505581	8.012503	739	0	0	0	0.0	26.9.2026 13:03
0	46.9505581	8.012503	739	0	0	0	0.0	26.9.2026 13:03
0	46.9506235	8.0124165	738	9	0	0	0.0	26.9.2026 13:03
0	46.9437236	8.0074155	723	11	50	0	0.0	26.9.2026 13:09
0	46.9143986	8.013557	833	12	12	142	0.0	26.9.2026 13:14
0	46.8766268	8.0172705	906	9	18	0	0.0	26.9.2026 13:19
0	46.8417833	8.0121943	1027	9	57	0	0.0	26.9.2026 13:23
0	46.8142168	7.9957188	1319	10	1	0	0.0	26.9.2026 13:28
0	46.8138136	7.9973166	1353	12	0	0	0.0	26.9.2026 13:33
0	46.813157	7.9953658	1351	12	7	0	0.0	26.9.2026 13:39
0	46.8146491	7.9926818	1324	9	5	0	0.0	26.9.2026 13:43
0	46.8155315	7.9882941	1338	12	0	0	0.0	26.9.2026 13:48
0	46.8157751	7.9838746	1375	11	4	0	0.0	26.9.2026 13:54
0	46.8189768	7.9855973	1383	12	5	0	0.0	26.9.2026 13:59
0	46.8220995	7.9836318	1382	11	6	0	0.0	26.9.2026 14:03
0	46.8251105	7.9833408	1427	11	4	0	0.0	26.9.2026 14:08
0	46.8266573	7.9811396	1455	8	2	0	0.0	26.9.2026 14:14
0	46.8297311	7.9820473	1491	8	4	0	0.0	26.9.2026 14:19
0	46.8288941	7.9822638	1480	9	4	0	0.0	26.9.2026 14:25
0	46.8291433	7.9805081	1502	9	3	0	0.0	26.9.2026 14:30
0	46.829342	7.9789291	1548	9	2	0	0.0	26.9.2026 14:34
0	46.8296118	7.9767403	1606	10	0	0	0.0	26.9.2026 14:39
0	46.829652	7.9755455	1623	13	2	0	0.0	26.9.2026 14:45
0	46.8302316	7.97476	1650	13	2	0	0.0	26.9.2026 14:49
0	46.830635	7.9733705	1678	13	0	0	0.0	26.9.2026 14:55
0	46.8305078	7.9722993	1707	14	0	0	0.0	26.9.2026 15:00
0	46.8304905	7.9708686	1738	15	2	0	0.0	26.9.2026 15:05
0	46.8305951	7.9697726	1758	12	0	0	0.0	26.9.2026 15:12
0	46.8305951	7.9697726	1758	12	0	0	0.0	26.9.2026 15:12
0	46.8305951	7.9697726	1758	12	0	0	0.0	26.9.2026 15:12
0	46.8309613	7.9688563	1798	14	1	0	0.0	26.9.2026 15:19
0	46.830388	7.9673391	1832	14	1	0	0.0	26.9.2026 15:24
0	46.829844	7.9665596	1838	14	1	0	0.0	26.9.2026 15:29
0	46.8301355	7.965225	1877	14	2	0	0.0	26.9.2026 15:34
0	46.8303835	7.9634228	1922	13	0	0	0.0	26.9.2026 15:39
0	46.8306918	7.962238	1954	14	0	0	0.0	26.9.2026 15:44
0	46.8311118	7.9604655	1984	11	0	0	0.0	26.9.2026 15:49
0	46.8303876	7.958316	1989	12	3	0	0.0	26.9.2026 15:54
0	46.8305786	7.9567466	2018	12	3	0	0.0	26.9.2026 15:59
0	46.8302458	7.9557668	2047	11	0	0	0.0	26.9.2026 16:04
0	46.830333	7.9557691	2051	0	0	0	0.0	26.9.2026 16:07
0	46.8303458	7.9557925	2051	0	0	0	0.0	26.9.2026 16:07
0	46.8282075	7.9545685	2055	0	0	0	0.0	26.9.2026 16:13
0	46.8281115	7.954547	2054	0	0	0	0.0	26.9.2026 16:13
0	46.827598	7.9539613	2049	12	4	0	0.0	26.9.2026 16:14
0	46.8250093	7.9526956	2029	10	4	0	0.0	26.9.2026 16:19
0	46.8227271	7.9517223	2022	10	4	0	0.0	26.9.2026 16:24
0	46.820894	7.9503896	2012	11	2	0	0.0	26.9.2026 16:29
0	46.8193056	7.9498925	2009	11	5	0	0.0	26.9.2026 16:34
0	46.8175331	7.9488036	1970	11	0	0	0.0	26.9.2026 16:39
0	46.8175391	7.948809	1972	0	0	0	0.0	26.9.2026 16:40
0	46.8175391	7.948809	1972	0	0	0	0.0	26.9.2026 16:41
0	46.8158046	7.9486393	1951	10	3	0	0.0	26.9.2026 16:44
0	46.8146415	7.9482438	1992	11	3	0	0.0	26.9.2026 16:50
0	46.8139448	7.9479035	2033	11	3	0	0.0	26.9.2026 16:56
0	46.8138988	7.9479296	2029	0	0	0	0.0	26.9.2026 16:57
0	46.8139608	7.9479986	2040	0	0	0	0.0	26.9.2026 16:57
0	46.8136381	7.9485841	2012	16	2	0	0.0	26.9.2026 17:05
0	46.8132996	7.949784	1950	16	0	0	0.0	26.9.2026 17:10
0	46.8125985	7.9514041	1936	13	2	0	0.0	26.9.2026 17:13
0	46.7998031	7.917381	-49	4	496	0	0.0	26.9.2026 17:17
0	46.8126946	7.952987	1873	18	3	0	0.0	26.9.2026 17:25
0	46.8132263	7.9539096	1782	18	0	0	0.0	26.9.2026 17:31
0	46.8135253	7.9552576	1761	18	0	0	0.0	26.9.2026 17:36
0	46.8135703	7.9572326	1718	14	0	0	0.0	26.9.2026 17:41
0	46.8131715	7.9598545	1677	8	1	0	0.0	26.9.2026 17:46
0	46.8119663	7.9620715	1628	10	0	0	0.0	26.9.2026 17:51
0	46.81127	7.9650511	1582	9	4	0	0.0	26.9.2026 17:56
0	46.8130288	7.9694056	1539	9	3	0	0.0	26.9.2026 18:01
0	46.8144196	7.973535	1492	9	6	0	0.0	26.9.2026 18:06
0	46.8142333	7.976644	1450	11	4	0	0.0	26.9.2026 18:11
0	46.8145728	7.9796036	1399	10	6	0	0.0	26.9.2026 18:16
0	46.813946	7.9813343	1350	0	0	0	0.0	26.9.2026 18:20
0	46.813946	7.9813343	1350	0	0	0	0.0	26.9.2026 18:20
0	46.813146	7.9813008	1335	10	5	0	0.0	26.9.2026 18:21
0	46.8103295	7.9795545	1281	9	8	0	0.0	26.9.2026 18:26
0	46.8105728	7.9808223	1272	8	5	0	0.0	26.9.2026 18:42
0	46.8120241	7.9858853	1291	8	6	0	0.0	26.9.2026 18:47
0	46.8140723	7.9903308	1304	8	5	0	0.0	26.9.2026 18:52
0	46.8144356	7.9934491	1323	0	0	0	0.0	26.9.2026 18:56
0	46.8144356	7.9934491	1323	0	0	0	0.0	26.9.2026 18:56
0	46.8143713	7.993965	1325	8	4	0	0.0	26.9.2026 18:57
0	46.8137323	7.9972733	1338	9	0	0	0.0	26.9.2026 19:02
0	46.8209581	8.0028316	1205	6	34	0	0.0	26.9.2026 19:06
0	46.8555245	8.015709	1015	7	57	0	0.0	26.9.2026 19:12
0	46.8964125	8.0143265	866	8	71	0	0.0	26.9.2026 19:17
0	46.9285855	8.0159543	781	7	56	0	0.0	26.9.2026 19:22
0	46.9289236	8.0145791	748	7	0	0	0.0	26.9.2026 19:27
0	46.9356216	8.0097118	722	8	53	0	0.0	26.9.2026 19:31
0	46.9281818	7.9650943	765	7	40	0	0.0	26.9.2026 19:37
0	46.9007791	7.9225096	816	10	75	0	0.0	26.9.2026 19:42
0	46.909749	7.880553	748	8	51	0	0.0	26.9.2026 19:47
0	46.9232218	7.83906	721	7	2	0	0.0	26.9.2026 19:52
